/////RobertRightDiagonal
0 0 0 0 0 0 0 0 0 0 0 0 0 0 0 0 0 0 0 0 0 0 0 0 0 0 0 0 0 0 0 0 0 0 0 0 0 0 0 0 0 0 0 0 0 0 0 
0 0 0 0 0 0 0 0 0 0 0 0 0 0 0 0 0 0 0 0 0 30 30 30 30 0 0 0 0 0 0 0 0 0 0 0 0 0 0 0 0 0 0 0 0 0 0 
0 0 0 0 0 0 0 0 0 0 0 0 0 0 0 0 0 0 0 0 29 29 2 2 30 30 0 0 0 0 0 0 0 0 0 0 0 0 0 0 0 0 0 0 0 0 0 
0 0 0 0 0 0 0 0 0 0 0 0 0 0 0 0 0 0 0 30 29 1 2 2 0 30 30 0 0 0 0 0 0 0 0 0 0 0 0 0 0 0 0 0 0 0 0 
0 0 0 0 0 0 0 0 0 0 0 0 0 0 0 0 0 0 30 30 0 0 0 0 0 0 30 30 0 0 0 0 0 0 0 0 0 0 0 0 0 0 0 0 0 0 0 
0 0 0 0 0 0 0 0 0 0 0 0 0 0 0 0 0 30 30 0 0 0 0 0 0 0 0 30 30 0 0 0 0 0 0 0 0 0 0 0 0 0 0 0 0 0 0 
0 0 0 0 0 0 0 0 0 0 0 0 0 0 0 0 30 30 0 0 0 0 0 0 0 0 0 0 30 30 0 0 0 0 0 0 0 0 0 0 0 0 0 0 0 0 0 
0 0 0 0 0 0 0 0 0 30 0 0 0 0 0 0 30 0 0 0 0 0 0 0 0 0 0 0 0 30 0 0 0 0 0 0 30 0 0 0 0 0 0 0 0 0 0 
0 0 0 0 0 0 0 0 0 0 0 0 0 0 0 0 0 0 0 0 0 0 0 0 0 0 0 0 0 0 0 0 0 0 0 0 0 0 0 0 0 0 0 0 0 0 0 
0 0 0 0 0 0 0 0 0 0 0 0 0 0 0 0 0 0 0 0 0 0 0 0 0 0 0 0 0 0 0 0 0 0 0 0 0 0 0 0 0 0 0 0 0 0 0 
0 0 0 0 0 0 0 0 0 0 0 0 0 0 0 0 0 0 0 0 0 0 0 0 0 0 0 0 0 0 0 0 0 0 0 0 0 0 0 0 0 0 0 0 0 0 0 
0 0 0 0 0 0 0 0 0 0 0 0 0 0 0 0 0 0 0 0 0 0 0 0 0 0 0 0 0 0 0 0 0 0 0 0 0 0 0 0 0 0 0 0 0 0 0 
0 0 0 0 0 0 0 0 0 0 0 0 0 0 0 0 0 0 0 0 0 0 0 0 0 0 0 0 0 0 0 0 0 0 0 0 0 0 0 0 0 0 0 0 0 0 0 
0 0 0 0 0 0 0 0 0 0 0 0 0 0 0 0 0 0 0 0 0 0 0 0 0 0 0 0 0 0 0 0 0 0 0 0 0 0 0 0 0 0 0 0 0 0 0 
0 0 0 0 0 0 0 0 30 30 0 0 0 0 0 0 0 0 0 0 0 0 0 0 0 0 0 0 0 0 0 0 0 0 0 0 30 30 0 0 0 0 0 0 0 0 0 
0 0 0 0 0 0 0 30 30 0 0 0 0 0 0 0 0 0 0 0 0 0 0 0 0 0 0 0 0 0 0 0 0 0 0 0 0 30 30 0 0 0 0 0 0 0 0 
0 0 0 0 0 0 30 30 0 0 0 0 0 0 0 0 0 0 0 0 0 0 0 0 0 0 0 0 0 0 0 0 0 0 0 0 0 0 30 30 0 0 0 0 0 0 0 
0 0 0 0 0 30 30 0 0 0 0 0 0 0 0 0 0 0 0 0 0 0 0 0 0 0 0 0 0 0 0 0 0 0 0 0 0 0 0 30 30 0 0 0 0 0 0 
0 0 0 0 30 30 0 0 0 0 0 0 0 0 0 0 0 0 0 0 0 0 0 0 0 0 0 0 0 0 0 0 0 0 0 0 0 0 0 0 30 30 0 0 0 0 0 
0 0 0 30 30 0 0 0 0 0 0 0 0 0 0 0 0 0 0 0 0 0 0 0 0 0 0 0 0 0 0 0 0 0 0 0 0 0 0 0 0 30 30 0 0 0 0 
0 0 30 30 0 0 0 0 0 0 0 0 0 0 0 0 0 0 0 0 0 0 0 0 0 0 0 0 0 0 0 0 0 0 0 0 0 0 0 0 0 0 30 30 0 0 0 
0 30 30 0 0 0 0 0 0 0 0 0 0 0 0 0 0 0 0 0 0 0 0 0 0 0 0 0 0 0 0 0 0 0 0 0 0 0 0 0 0 0 0 30 30 0 0 
0 30 0 0 0 0 0 0 0 0 0 0 0 0 0 0 0 0 0 0 0 0 0 0 0 0 0 0 0 0 0 0 0 0 0 0 0 0 0 0 0 0 0 0 30 0 0 
0 30 0 0 0 0 0 0 0 0 0 0 0 0 0 0 0 0 0 0 0 0 0 0 0 0 0 0 0 0 0 0 0 0 0 0 0 0 0 0 0 0 0 0 30 0 0 
0 30 30 0 0 0 0 0 0 0 0 0 0 0 0 0 0 0 0 0 0 0 0 0 0 0 0 0 0 0 0 0 0 0 0 0 0 0 0 0 0 0 0 30 30 0 0 
0 0 30 30 0 0 0 0 0 0 0 0 0 0 0 0 0 0 0 0 0 0 0 0 0 0 0 0 0 0 0 0 0 0 0 0 0 0 0 0 0 0 30 30 0 0 0 
0 0 0 30 30 0 0 0 0 0 0 0 0 0 0 0 0 0 0 0 0 0 0 0 0 0 0 0 0 0 0 0 0 0 0 0 0 0 0 0 0 30 30 0 0 0 0 
0 0 0 0 30 30 0 0 0 0 0 0 0 0 0 0 0 0 0 0 0 0 0 0 0 0 0 0 0 0 0 0 0 0 0 0 0 0 0 0 30 30 0 0 0 0 0 
0 0 0 0 0 30 30 0 0 0 0 0 0 0 0 0 0 0 0 0 0 0 0 0 0 0 0 0 0 0 0 0 0 0 0 0 0 0 0 30 30 0 0 0 0 0 0 
0 0 0 0 0 0 30 30 0 0 0 0 0 0 0 0 0 0 0 0 0 0 0 0 0 0 0 0 0 0 0 0 0 0 0 0 0 0 30 30 0 0 0 0 0 0 0 
0 0 0 0 0 0 0 30 30 0 0 0 0 0 0 0 0 0 0 0 0 0 0 0 0 0 0 0 0 0 0 0 0 0 0 0 0 30 30 0 0 0 0 0 0 0 0 
0 0 0 0 0 0 0 0 30 30 0 0 0 0 0 0 0 0 0 0 0 0 0 0 0 0 0 0 0 0 0 0 0 0 0 0 30 30 0 0 0 0 0 0 0 0 0 
0 0 0 0 0 0 0 0 0 0 0 0 0 0 0 0 0 0 0 0 0 0 0 0 0 0 0 0 0 0 0 0 0 0 0 0 0 0 0 0 0 0 0 0 0 0 0 
0 0 0 0 0 0 0 0 0 0 0 0 0 0 0 0 0 0 0 0 0 0 0 0 0 0 0 0 0 0 0 0 0 0 0 0 0 0 0 0 0 0 0 0 0 0 0 
0 0 0 0 0 0 0 0 0 0 0 0 0 0 0 0 0 0 0 0 0 0 0 0 0 0 0 0 0 0 0 0 0 0 0 0 0 0 0 0 0 0 0 0 0 0 0 
0 0 0 0 0 0 0 0 0 0 0 0 0 0 0 0 0 0 0 0 0 0 0 0 0 0 0 0 0 0 0 0 0 0 0 0 0 0 0 0 0 0 0 0 0 0 0 
0 0 0 0 0 0 0 0 0 0 0 0 0 0 0 0 0 0 0 0 0 0 0 0 0 0 0 0 0 0 0 0 0 0 0 0 0 0 0 0 0 0 0 0 0 0 0 
0 0 0 0 0 0 0 0 0 0 0 0 0 0 0 0 0 0 0 0 0 0 0 0 0 0 0 0 0 0 0 0 0 0 0 0 0 0 0 0 0 0 0 0 0 0 0 
0 0 0 0 0 0 0 0 0 30 0 0 0 0 0 0 30 0 0 0 0 0 0 0 0 0 0 0 0 30 0 0 0 0 0 0 30 0 0 0 0 0 0 0 0 0 0 
0 0 0 0 0 0 0 0 0 0 0 0 0 0 0 0 30 30 0 0 0 0 0 0 0 0 0 0 30 30 0 0 0 0 0 0 0 0 0 0 0 0 0 0 0 0 0 
0 0 0 0 0 0 0 0 0 0 0 0 0 0 0 0 0 30 30 0 0 0 0 0 0 0 0 30 30 0 0 0 0 0 0 0 0 0 0 0 0 0 0 0 0 0 0 
0 0 0 0 0 0 0 0 0 0 0 0 0 0 0 0 0 0 30 30 0 0 0 0 0 0 30 30 0 0 0 0 0 0 0 0 0 0 0 0 0 0 0 0 0 0 0 
0 0 0 0 0 0 0 0 0 0 0 0 0 0 0 0 0 0 0 30 30 0 0 0 0 30 30 0 0 0 0 0 0 0 0 0 0 0 0 0 0 0 0 0 0 0 0 
0 0 0 0 0 0 0 0 0 0 0 0 0 0 0 0 0 0 0 0 30 30 0 0 30 30 0 0 0 0 0 0 0 0 0 0 0 0 0 0 0 0 0 0 0 0 0 
0 0 0 0 0 0 0 0 0 0 0 0 0 0 0 0 0 0 0 0 0 30 30 30 30 0 0 0 0 0 0 0 0 0 0 0 0 0 0 0 0 0 0 0 0 0 0 
0 0 0 0 0 0 0 0 0 0 0 0 0 0 0 0 0 0 0 0 0 0 0 0 0 0 0 0 0 0 0 0 0 0 0 0 0 0 0 0 0 0 0 0 0 0 0 
0 0 0 0 0 0 0 0 0 0 0 0 0 0 0 0 0 0 0 0 0 0 0 0 0 0 0 0 0 0 0 0 0 0 0 0 0 0 0 0 0 0 0 0 0 0 0 
/////RobertLeftDiagonal
0 0 0 0 0 0 0 0 0 0 0 0 0 0 0 0 0 0 0 0 0 0 0 0 0 0 0 0 0 0 0 0 0 0 0 0 0 0 0 0 0 0 0 0 0 0 0 
0 0 0 0 0 0 0 0 0 0 0 0 0 0 0 0 0 0 0 0 0 30 30 30 30 0 0 0 0 0 0 0 0 0 0 0 0 0 0 0 0 0 0 0 0 0 0 
0 0 0 0 0 0 0 0 0 0 0 0 0 0 0 0 0 0 0 0 29 29 2 2 30 30 0 0 0 0 0 0 0 0 0 0 0 0 0 0 0 0 0 0 0 0 0 
0 0 0 0 0 0 0 0 0 0 0 0 0 0 0 0 0 0 0 30 29 1 2 2 0 30 30 0 0 0 0 0 0 0 0 0 0 0 0 0 0 0 0 0 0 0 0 
0 0 0 0 0 0 0 0 0 0 0 0 0 0 0 0 0 0 30 30 0 0 0 0 0 0 30 30 0 0 0 0 0 0 0 0 0 0 0 0 0 0 0 0 0 0 0 
0 0 0 0 0 0 0 0 0 0 0 0 0 0 0 0 0 30 30 0 0 0 0 0 0 0 0 30 30 0 0 0 0 0 0 0 0 0 0 0 0 0 0 0 0 0 0 
0 0 0 0 0 0 0 0 0 0 0 0 0 0 0 0 30 30 0 0 0 0 0 0 0 0 0 0 30 30 0 0 0 0 0 0 0 0 0 0 0 0 0 0 0 0 0 
0 0 0 0 0 0 0 0 0 30 0 0 0 0 0 0 30 0 0 0 0 0 0 0 0 0 0 0 0 30 0 0 0 0 0 0 30 0 0 0 0 0 0 0 0 0 0 
0 0 0 0 0 0 0 0 0 0 0 0 0 0 0 0 0 0 0 0 0 0 0 0 0 0 0 0 0 0 0 0 0 0 0 0 0 0 0 0 0 0 0 0 0 0 0 
0 0 0 0 0 0 0 0 0 0 0 0 0 0 0 0 0 0 0 0 0 0 0 0 0 0 0 0 0 0 0 0 0 0 0 0 0 0 0 0 0 0 0 0 0 0 0 
0 0 0 0 0 0 0 0 0 0 0 0 0 0 0 0 0 0 0 0 0 0 0 0 0 0 0 0 0 0 0 0 0 0 0 0 0 0 0 0 0 0 0 0 0 0 0 
0 0 0 0 0 0 0 0 0 0 0 0 0 0 0 0 0 0 0 0 0 0 0 0 0 0 0 0 0 0 0 0 0 0 0 0 0 0 0 0 0 0 0 0 0 0 0 
0 0 0 0 0 0 0 0 0 0 0 0 0 0 0 0 0 0 0 0 0 0 0 0 0 0 0 0 0 0 0 0 0 0 0 0 0 0 0 0 0 0 0 0 0 0 0 
0 0 0 0 0 0 0 0 0 0 0 0 0 0 0 0 0 0 0 0 0 0 0 0 0 0 0 0 0 0 0 0 0 0 0 0 0 0 0 0 0 0 0 0 0 0 0 
0 0 0 0 0 0 0 0 30 30 0 0 0 0 0 0 0 0 0 0 0 0 0 0 0 0 0 0 0 0 0 0 0 0 0 0 30 30 0 0 0 0 0 0 0 0 0 
0 0 0 0 0 0 0 30 30 0 0 0 0 0 0 0 0 0 0 0 0 0 0 0 0 0 0 0 0 0 0 0 0 0 0 0 0 30 30 0 0 0 0 0 0 0 0 
0 0 0 0 0 0 30 30 0 0 0 0 0 0 0 0 0 0 0 0 0 0 0 0 0 0 0 0 0 0 0 0 0 0 0 0 0 0 30 30 0 0 0 0 0 0 0 
0 0 0 0 0 30 30 0 0 0 0 0 0 0 0 0 0 0 0 0 0 0 0 0 0 0 0 0 0 0 0 0 0 0 0 0 0 0 0 30 30 0 0 0 0 0 0 
0 0 0 0 30 30 0 0 0 0 0 0 0 0 0 0 0 0 0 0 0 0 0 0 0 0 0 0 0 0 0 0 0 0 0 0 0 0 0 0 30 30 0 0 0 0 0 
0 0 0 30 30 0 0 0 0 0 0 0 0 0 0 0 0 0 0 0 0 0 0 0 0 0 0 0 0 0 0 0 0 0 0 0 0 0 0 0 0 30 30 0 0 0 0 
0 0 30 30 0 0 0 0 0 0 0 0 0 0 0 0 0 0 0 0 0 0 0 0 0 0 0 0 0 0 0 0 0 0 0 0 0 0 0 0 0 0 30 30 0 0 0 
0 30 30 0 0 0 0 0 0 0 0 0 0 0 0 0 0 0 0 0 0 0 0 0 0 0 0 0 0 0 0 0 0 0 0 0 0 0 0 0 0 0 0 30 30 0 0 
0 30 0 0 0 0 0 0 0 0 0 0 0 0 0 0 0 0 0 0 0 0 0 0 0 0 0 0 0 0 0 0 0 0 0 0 0 0 0 0 0 0 0 0 30 0 0 
0 30 0 0 0 0 0 0 0 0 0 0 0 0 0 0 0 0 0 0 0 0 0 0 0 0 0 0 0 0 0 0 0 0 0 0 0 0 0 0 0 0 0 0 30 0 0 
0 30 30 0 0 0 0 0 0 0 0 0 0 0 0 0 0 0 0 0 0 0 0 0 0 0 0 0 0 0 0 0 0 0 0 0 0 0 0 0 0 0 0 30 30 0 0 
0 0 30 30 0 0 0 0 0 0 0 0 0 0 0 0 0 0 0 0 0 0 0 0 0 0 0 0 0 0 0 0 0 0 0 0 0 0 0 0 0 0 30 30 0 0 0 
0 0 0 30 30 0 0 0 0 0 0 0 0 0 0 0 0 0 0 0 0 0 0 0 0 0 0 0 0 0 0 0 0 0 0 0 0 0 0 0 0 30 30 0 0 0 0 
0 0 0 0 30 30 0 0 0 0 0 0 0 0 0 0 0 0 0 0 0 0 0 0 0 0 0 0 0 0 0 0 0 0 0 0 0 0 0 0 30 30 0 0 0 0 0 
0 0 0 0 0 30 30 0 0 0 0 0 0 0 0 0 0 0 0 0 0 0 0 0 0 0 0 0 0 0 0 0 0 0 0 0 0 0 0 30 30 0 0 0 0 0 0 
0 0 0 0 0 0 30 30 0 0 0 0 0 0 0 0 0 0 0 0 0 0 0 0 0 0 0 0 0 0 0 0 0 0 0 0 0 0 30 30 0 0 0 0 0 0 0 
0 0 0 0 0 0 0 30 30 0 0 0 0 0 0 0 0 0 0 0 0 0 0 0 0 0 0 0 0 0 0 0 0 0 0 0 0 30 30 0 0 0 0 0 0 0 0 
0 0 0 0 0 0 0 0 30 30 0 0 0 0 0 0 0 0 0 0 0 0 0 0 0 0 0 0 0 0 0 0 0 0 0 0 30 30 0 0 0 0 0 0 0 0 0 
0 0 0 0 0 0 0 0 0 0 0 0 0 0 0 0 0 0 0 0 0 0 0 0 0 0 0 0 0 0 0 0 0 0 0 0 0 0 0 0 0 0 0 0 0 0 0 
0 0 0 0 0 0 0 0 0 0 0 0 0 0 0 0 0 0 0 0 0 0 0 0 0 0 0 0 0 0 0 0 0 0 0 0 0 0 0 0 0 0 0 0 0 0 0 
0 0 0 0 0 0 0 0 0 0 0 0 0 0 0 0 0 0 0 0 0 0 0 0 0 0 0 0 0 0 0 0 0 0 0 0 0 0 0 0 0 0 0 0 0 0 0 
0 0 0 0 0 0 0 0 0 0 0 0 0 0 0 0 0 0 0 0 0 0 0 0 0 0 0 0 0 0 0 0 0 0 0 0 0 0 0 0 0 0 0 0 0 0 0 
0 0 0 0 0 0 0 0 0 0 0 0 0 0 0 0 0 0 0 0 0 0 0 0 0 0 0 0 0 0 0 0 0 0 0 0 0 0 0 0 0 0 0 0 0 0 0 
0 0 0 0 0 0 0 0 0 0 0 0 0 0 0 0 0 0 0 0 0 0 0 0 0 0 0 0 0 0 0 0 0 0 0 0 0 0 0 0 0 0 0 0 0 0 0 
0 0 0 0 0 0 0 0 0 30 0 0 0 0 0 0 30 0 0 0 0 0 0 0 0 0 0 0 0 30 0 0 0 0 0 0 30 0 0 0 0 0 0 0 0 0 0 
0 0 0 0 0 0 0 0 0 0 0 0 0 0 0 0 30 30 0 0 0 0 0 0 0 0 0 0 30 30 0 0 0 0 0 0 0 0 0 0 0 0 0 0 0 0 0 
0 0 0 0 0 0 0 0 0 0 0 0 0 0 0 0 0 30 30 0 0 0 0 0 0 0 0 30 30 0 0 0 0 0 0 0 0 0 0 0 0 0 0 0 0 0 0 
0 0 0 0 0 0 0 0 0 0 0 0 0 0 0 0 0 0 30 30 0 0 0 0 0 0 30 30 0 0 0 0 0 0 0 0 0 0 0 0 0 0 0 0 0 0 0 
0 0 0 0 0 0 0 0 0 0 0 0 0 0 0 0 0 0 0 30 30 0 0 0 0 30 30 0 0 0 0 0 0 0 0 0 0 0 0 0 0 0 0 0 0 0 0 
0 0 0 0 0 0 0 0 0 0 0 0 0 0 0 0 0 0 0 0 30 30 0 0 30 30 0 0 0 0 0 0 0 0 0 0 0 0 0 0 0 0 0 0 0 0 0 
0 0 0 0 0 0 0 0 0 0 0 0 0 0 0 0 0 0 0 0 0 30 30 30 30 0 0 0 0 0 0 0 0 0 0 0 0 0 0 0 0 0 0 0 0 0 0 
0 0 0 0 0 0 0 0 0 0 0 0 0 0 0 0 0 0 0 0 0 0 0 0 0 0 0 0 0 0 0 0 0 0 0 0 0 0 0 0 0 0 0 0 0 0 0 
0 0 0 0 0 0 0 0 0 0 0 0 0 0 0 0 0 0 0 0 0 0 0 0 0 0 0 0 0 0 0 0 0 0 0 0 0 0 0 0 0 0 0 0 0 0 0 
/////SobelRightDiagonal
0 0 0 0 0 0 0 0 0 0 0 0 0 0 0 0 0 0 0 0 0 0 0 0 0 0 0 0 0 0 0 0 0 0 0 0 0 0 0 0 0 0 0 0 0 0 0 
0 3 6 6 6 9 9 6 6 6 9 9 6 6 6 9 9 6 6 6 9 9 66 54 114 69 9 6 6 6 9 9 6 6 6 9 9 6 6 6 9 9 6 6 6 3 0 
0 3 6 6 6 9 9 6 6 6 9 9 6 6 6 9 9 6 6 6 9 8 8 56 118 129 69 6 6 6 9 9 6 6 6 9 9 6 6 6 9 9 6 6 6 3 0 
0 3 6 6 6 9 9 6 6 6 9 9 6 6 6 9 9 6 6 6 10 9 9 6 56 129 129 54 6 6 9 9 6 6 6 9 9 6 6 6 9 9 6 6 6 3 0 
0 3 6 6 6 9 9 6 6 6 9 9 6 6 6 9 9 6 6 6 11 10 10 8 6 69 129 114 54 6 9 9 6 6 6 9 9 6 6 6 9 9 6 6 6 3 0 
0 3 6 6 6 9 9 6 6 6 9 9 6 6 6 9 9 6 6 6 9 9 6 6 6 9 69 114 114 54 9 9 6 6 6 9 9 6 6 6 9 9 6 6 6 3 0 
0 3 6 6 6 9 9 6 6 6 9 9 6 6 6 9 9 6 6 6 9 9 6 6 6 9 9 54 114 114 69 9 6 6 6 9 9 6 6 6 9 9 6 6 6 3 0 
0 3 6 6 6 9 9 6 6 6 39 99 84 84 84 99 69 6 6 6 9 9 6 6 6 9 9 6 54 114 129 99 84 84 84 99 99 54 6 6 9 9 6 6 6 3 0 
0 3 6 6 6 9 9 6 6 36 9 99 84 84 84 99 39 6 6 6 9 9 6 6 6 9 9 6 6 54 99 99 84 84 84 99 129 84 6 6 9 9 6 6 6 3 0 
0 3 6 6 6 9 9 6 6 96 81 9 6 6 6 9 9 6 6 6 9 9 6 6 6 9 9 6 6 6 9 9 6 6 6 9 99 84 6 6 9 9 6 6 6 3 0 
0 3 6 6 6 9 9 6 6 96 81 9 6 6 6 9 9 6 6 6 9 9 6 6 6 9 9 6 6 6 9 9 6 6 6 9 99 84 6 6 9 9 6 6 6 3 0 
0 3 6 6 6 9 9 6 6 96 81 9 6 6 6 9 9 6 6 6 9 9 6 6 6 9 9 6 6 6 9 9 6 6 6 9 99 84 6 6 9 9 6 6 6 3 0 
0 3 6 6 6 9 9 6 6 96 81 9 6 6 6 9 9 6 6 6 9 9 6 6 6 9 9 6 6 6 9 9 6 6 6 9 99 84 6 6 9 9 6 6 6 3 0 
0 3 6 6 6 9 9 6 6 96 81 9 6 6 6 9 9 6 6 6 9 9 6 6 6 9 9 6 6 6 9 9 6 6 6 9 99 84 6 6 9 9 6 6 6 3 0 
0 3 6 6 6 9 9 6 6 66 21 9 6 6 6 9 9 6 6 6 9 9 6 6 6 9 9 6 6 6 9 9 6 6 6 9 99 114 54 6 9 9 6 6 6 3 0 
0 3 6 6 6 9 9 6 6 6 9 9 6 6 6 9 9 6 6 6 9 9 6 6 6 9 9 6 6 6 9 9 6 6 6 9 69 114 114 54 9 9 6 6 6 3 0 
0 3 6 6 6 9 9 6 6 6 9 9 6 6 6 9 9 6 6 6 9 9 6 6 6 9 9 6 6 6 9 9 6 6 6 9 9 54 114 114 69 9 6 6 6 3 0 
0 3 6 6 6 9 9 6 6 6 9 9 6 6 6 9 9 6 6 6 9 9 6 6 6 9 9 6 6 6 9 9 6 6 6 9 9 6 54 114 129 69 6 6 6 3 0 
0 3 6 6 6 9 9 6 6 6 9 9 6 6 6 9 9 6 6 6 9 9 6 6 6 9 9 6 6 6 9 9 6 6 6 9 9 6 6 54 129 129 54 6 6 3 0 
0 3 6 6 6 9 9 6 6 6 9 9 6 6 6 9 9 6 6 6 9 9 6 6 6 9 9 6 6 6 9 9 6 6 6 9 9 6 6 6 69 129 114 54 6 3 0 
0 3 6 6 6 9 9 6 6 6 9 9 6 6 6 9 9 6 6 6 9 9 6 6 6 9 9 6 6 6 9 9 6 6 6 9 9 6 6 6 9 69 114 114 54 3 0 
0 3 6 6 6 9 9 6 6 6 9 9 6 6 6 9 9 6 6 6 9 9 6 6 6 9 9 6 6 6 9 9 6 6 6 9 9 6 6 6 9 9 54 114 114 57 0 
0 57 6 6 6 9 9 6 6 6 9 9 6 6 6 9 9 6 6 6 9 9 6 6 6 9 9 6 6 6 9 9 6 6 6 9 9 6 6 6 9 9 6 54 114 117 0 
0 63 66 6 6 9 9 6 6 6 9 9 6 6 6 9 9 6 6 6 9 9 6 6 6 9 9 6 6 6 9 9 6 6 6 9 9 6 6 6 9 9 6 6 54 57 0 
0 123 126 66 6 9 9 6 6 6 9 9 6 6 6 9 9 6 6 6 9 9 6 6 6 9 9 6 6 6 9 9 6 6 6 9 9 6 6 6 9 9 6 6 6 63 0 
0 63 126 126 66 9 9 6 6 6 9 9 6 6 6 9 9 6 6 6 9 9 6 6 6 9 9 6 6 6 9 9 6 6 6 9 9 6 6 6 9 9 6 6 6 3 0 
0 3 66 126 126 51 9 6 6 6 9 9 6 6 6 9 9 6 6 6 9 9 6 6 6 9 9 6 6 6 9 9 6 6 6 9 9 6 6 6 9 9 6 6 6 3 0 
0 3 6 66 126 111 51 6 6 6 9 9 6 6 6 9 9 6 6 6 9 9 6 6 6 9 9 6 6 6 9 9 6 6 6 9 9 6 6 6 9 9 6 6 6 3 0 
0 3 6 6 66 111 111 66 6 6 9 9 6 6 6 9 9 6 6 6 9 9 6 6 6 9 9 6 6 6 9 9 6 6 6 9 9 6 6 6 9 9 6 6 6 3 0 
0 3 6 6 6 51 111 126 66 6 9 9 6 6 6 9 9 6 6 6 9 9 6 6 6 9 9 6 6 6 9 9 6 6 6 9 9 6 6 6 9 9 6 6 6 3 0 
0 3 6 6 6 9 51 126 126 66 9 9 6 6 6 9 9 6 6 6 9 9 6 6 6 9 9 6 6 6 9 9 6 6 6 9 9 6 6 6 9 9 6 6 6 3 0 
0 3 6 6 6 9 9 66 126 126 51 9 6 6 6 9 9 6 6 6 9 9 6 6 6 9 9 6 6 6 9 9 6 6 6 9 9 6 6 6 9 9 6 6 6 3 0 
0 3 6 6 6 9 9 6 66 126 81 9 6 6 6 9 9 6 6 6 9 9 6 6 6 9 9 6 6 6 9 9 6 6 6 9 39 54 6 6 9 9 6 6 6 3 0 
0 3 6 6 6 9 9 6 6 96 81 9 6 6 6 9 9 6 6 6 9 9 6 6 6 9 9 6 6 6 9 9 6 6 6 9 99 84 6 6 9 9 6 6 6 3 0 
0 3 6 6 6 9 9 6 6 96 81 9 6 6 6 9 9 6 6 6 9 9 6 6 6 9 9 6 6 6 9 9 6 6 6 9 99 84 6 6 9 9 6 6 6 3 0 
0 3 6 6 6 9 9 6 6 96 81 9 6 6 6 9 9 6 6 6 9 9 6 6 6 9 9 6 6 6 9 9 6 6 6 9 99 84 6 6 9 9 6 6 6 3 0 
0 3 6 6 6 9 9 6 6 96 81 9 6 6 6 9 9 6 6 6 9 9 6 6 6 9 9 6 6 6 9 9 6 6 6 9 99 84 6 6 9 9 6 6 6 3 0 
0 3 6 6 6 9 9 6 6 96 81 9 6 6 6 9 9 6 6 6 9 9 6 6 6 9 9 6 6 6 9 9 6 6 6 9 99 84 6 6 9 9 6 6 6 3 0 
0 3 6 6 6 9 9 6 6 96 111 81 96 96 96 81 81 66 6 6 9 9 6 6 6 9 9 6 6 6 21 81 96 96 96 81 9 24 6 6 9 9 6 6 6 3 0 
0 3 6 6 6 9 9 6 6 66 81 81 96 96 96 81 111 126 66 6 9 9 6 6 6 9 9 6 6 6 51 81 96 96 96 81 21 6 6 6 9 9 6 6 6 3 0 
0 3 6 6 6 9 9 6 6 6 9 9 6 6 6 9 51 126 126 66 9 9 6 6 6 9 9 6 6 6 9 9 6 6 6 9 9 6 6 6 9 9 6 6 6 3 0 
0 3 6 6 6 9 9 6 6 6 9 9 6 6 6 9 9 66 126 126 51 9 6 6 6 9 9 6 6 6 9 9 6 6 6 9 9 6 6 6 9 9 6 6 6 3 0 
0 3 6 6 6 9 9 6 6 6 9 9 6 6 6 9 9 6 66 126 111 51 6 6 6 9 9 6 6 6 9 9 6 6 6 9 9 6 6 6 9 9 6 6 6 3 0 
0 3 6 6 6 9 9 6 6 6 9 9 6 6 6 9 9 6 6 66 111 111 66 6 6 9 9 6 6 6 9 9 6 6 6 9 9 6 6 6 9 9 6 6 6 3 0 
0 3 6 6 6 9 9 6 6 6 9 9 6 6 6 9 9 6 6 6 51 111 126 66 6 9 9 6 6 6 9 9 6 6 6 9 9 6 6 6 9 9 6 6 6 3 0 
0 3 6 6 6 9 9 6 6 6 9 9 6 6 6 9 9 6 6 6 9 51 126 66 54 9 9 6 6 6 9 9 6 6 6 9 9 6 6 6 9 9 6 6 6 3 0 
0 0 0 0 0 0 0 0 0 0 0 0 0 0 0 0 0 0 0 0 0 0 0 0 0 0 0 0 0 0 0 0 0 0 0 0 0 0 0 0 0 0 0 0 0 0 0 
/////SobelLeftDiagonal
0 0 0 0 0 0 0 0 0 0 0 0 0 0 0 0 0 0 0 0 0 0 0 0 0 0 0 0 0 0 0 0 0 0 0 0 0 0 0 0 0 0 0 0 0 0 0 
0 3 6 6 6 9 9 6 6 6 9 9 6 6 6 9 9 6 6 6 9 51 126 66 54 9 9 6 6 6 9 9 6 6 6 9 9 6 6 6 9 9 6 6 6 3 0 
0 3 6 6 6 9 9 6 6 6 9 9 6 6 6 9 9 6 6 6 49 110 130 68 6 9 9 6 6 6 9 9 6 6 6 9 9 6 6 6 9 9 6 6 6 3 0 
0 3 6 6 6 9 9 6 6 6 9 9 6 6 6 9 9 6 6 66 110 111 69 6 4 9 9 6 6 6 9 9 6 6 6 9 9 6 6 6 9 9 6 6 6 3 0 
0 3 6 6 6 9 9 6 6 6 9 9 6 6 6 9 9 6 66 126 111 52 8 4 2 9 9 6 6 6 9 9 6 6 6 9 9 6 6 6 9 9 6 6 6 3 0 
0 3 6 6 6 9 9 6 6 6 9 9 6 6 6 9 9 66 126 126 51 9 6 6 6 9 9 6 6 6 9 9 6 6 6 9 9 6 6 6 9 9 6 6 6 3 0 
0 3 6 6 6 9 9 6 6 6 9 9 6 6 6 9 51 126 126 66 9 9 6 6 6 9 9 6 6 6 9 9 6 6 6 9 9 6 6 6 9 9 6 6 6 3 0 
0 3 6 6 6 9 9 6 6 66 81 81 96 96 96 81 111 126 66 6 9 9 6 6 6 9 9 6 6 6 51 81 96 96 96 81 21 6 6 6 9 9 6 6 6 3 0 
0 3 6 6 6 9 9 6 6 96 111 81 96 96 96 81 81 66 6 6 9 9 6 6 6 9 9 6 6 6 21 81 96 96 96 81 9 24 6 6 9 9 6 6 6 3 0 
0 3 6 6 6 9 9 6 6 96 81 9 6 6 6 9 9 6 6 6 9 9 6 6 6 9 9 6 6 6 9 9 6 6 6 9 99 84 6 6 9 9 6 6 6 3 0 
0 3 6 6 6 9 9 6 6 96 81 9 6 6 6 9 9 6 6 6 9 9 6 6 6 9 9 6 6 6 9 9 6 6 6 9 99 84 6 6 9 9 6 6 6 3 0 
0 3 6 6 6 9 9 6 6 96 81 9 6 6 6 9 9 6 6 6 9 9 6 6 6 9 9 6 6 6 9 9 6 6 6 9 99 84 6 6 9 9 6 6 6 3 0 
0 3 6 6 6 9 9 6 6 96 81 9 6 6 6 9 9 6 6 6 9 9 6 6 6 9 9 6 6 6 9 9 6 6 6 9 99 84 6 6 9 9 6 6 6 3 0 
0 3 6 6 6 9 9 6 6 96 81 9 6 6 6 9 9 6 6 6 9 9 6 6 6 9 9 6 6 6 9 9 6 6 6 9 99 84 6 6 9 9 6 6 6 3 0 
0 3 6 6 6 9 9 6 66 126 81 9 6 6 6 9 9 6 6 6 9 9 6 6 6 9 9 6 6 6 9 9 6 6 6 9 39 54 6 6 9 9 6 6 6 3 0 
0 3 6 6 6 9 9 66 126 126 51 9 6 6 6 9 9 6 6 6 9 9 6 6 6 9 9 6 6 6 9 9 6 6 6 9 9 6 6 6 9 9 6 6 6 3 0 
0 3 6 6 6 9 51 126 126 66 9 9 6 6 6 9 9 6 6 6 9 9 6 6 6 9 9 6 6 6 9 9 6 6 6 9 9 6 6 6 9 9 6 6 6 3 0 
0 3 6 6 6 51 111 126 66 6 9 9 6 6 6 9 9 6 6 6 9 9 6 6 6 9 9 6 6 6 9 9 6 6 6 9 9 6 6 6 9 9 6 6 6 3 0 
0 3 6 6 66 111 111 66 6 6 9 9 6 6 6 9 9 6 6 6 9 9 6 6 6 9 9 6 6 6 9 9 6 6 6 9 9 6 6 6 9 9 6 6 6 3 0 
0 3 6 66 126 111 51 6 6 6 9 9 6 6 6 9 9 6 6 6 9 9 6 6 6 9 9 6 6 6 9 9 6 6 6 9 9 6 6 6 9 9 6 6 6 3 0 
0 3 66 126 126 51 9 6 6 6 9 9 6 6 6 9 9 6 6 6 9 9 6 6 6 9 9 6 6 6 9 9 6 6 6 9 9 6 6 6 9 9 6 6 6 3 0 
0 63 126 126 66 9 9 6 6 6 9 9 6 6 6 9 9 6 6 6 9 9 6 6 6 9 9 6 6 6 9 9 6 6 6 9 9 6 6 6 9 9 6 6 6 3 0 
0 123 126 66 6 9 9 6 6 6 9 9 6 6 6 9 9 6 6 6 9 9 6 6 6 9 9 6 6 6 9 9 6 6 6 9 9 6 6 6 9 9 6 6 6 63 0 
0 63 66 6 6 9 9 6 6 6 9 9 6 6 6 9 9 6 6 6 9 9 6 6 6 9 9 6 6 6 9 9 6 6 6 9 9 6 6 6 9 9 6 6 54 57 0 
0 57 6 6 6 9 9 6 6 6 9 9 6 6 6 9 9 6 6 6 9 9 6 6 6 9 9 6 6 6 9 9 6 6 6 9 9 6 6 6 9 9 6 54 114 117 0 
0 3 6 6 6 9 9 6 6 6 9 9 6 6 6 9 9 6 6 6 9 9 6 6 6 9 9 6 6 6 9 9 6 6 6 9 9 6 6 6 9 9 54 114 114 57 0 
0 3 6 6 6 9 9 6 6 6 9 9 6 6 6 9 9 6 6 6 9 9 6 6 6 9 9 6 6 6 9 9 6 6 6 9 9 6 6 6 9 69 114 114 54 3 0 
0 3 6 6 6 9 9 6 6 6 9 9 6 6 6 9 9 6 6 6 9 9 6 6 6 9 9 6 6 6 9 9 6 6 6 9 9 6 6 6 69 129 114 54 6 3 0 
0 3 6 6 6 9 9 6 6 6 9 9 6 6 6 9 9 6 6 6 9 9 6 6 6 9 9 6 6 6 9 9 6 6 6 9 9 6 6 54 129 129 54 6 6 3 0 
0 3 6 6 6 9 9 6 6 6 9 9 6 6 6 9 9 6 6 6 9 9 6 6 6 9 9 6 6 6 9 9 6 6 6 9 9 6 54 114 129 69 6 6 6 3 0 
0 3 6 6 6 9 9 6 6 6 9 9 6 6 6 9 9 6 6 6 9 9 6 6 6 9 9 6 6 6 9 9 6 6 6 9 9 54 114 114 69 9 6 6 6 3 0 
0 3 6 6 6 9 9 6 6 6 9 9 6 6 6 9 9 6 6 6 9 9 6 6 6 9 9 6 6 6 9 9 6 6 6 9 69 114 114 54 9 9 6 6 6 3 0 
0 3 6 6 6 9 9 6 6 66 21 9 6 6 6 9 9 6 6 6 9 9 6 6 6 9 9 6 6 6 9 9 6 6 6 9 99 114 54 6 9 9 6 6 6 3 0 
0 3 6 6 6 9 9 6 6 96 81 9 6 6 6 9 9 6 6 6 9 9 6 6 6 9 9 6 6 6 9 9 6 6 6 9 99 84 6 6 9 9 6 6 6 3 0 
0 3 6 6 6 9 9 6 6 96 81 9 6 6 6 9 9 6 6 6 9 9 6 6 6 9 9 6 6 6 9 9 6 6 6 9 99 84 6 6 9 9 6 6 6 3 0 
0 3 6 6 6 9 9 6 6 96 81 9 6 6 6 9 9 6 6 6 9 9 6 6 6 9 9 6 6 6 9 9 6 6 6 9 99 84 6 6 9 9 6 6 6 3 0 
0 3 6 6 6 9 9 6 6 96 81 9 6 6 6 9 9 6 6 6 9 9 6 6 6 9 9 6 6 6 9 9 6 6 6 9 99 84 6 6 9 9 6 6 6 3 0 
0 3 6 6 6 9 9 6 6 96 81 9 6 6 6 9 9 6 6 6 9 9 6 6 6 9 9 6 6 6 9 9 6 6 6 9 99 84 6 6 9 9 6 6 6 3 0 
0 3 6 6 6 9 9 6 6 36 9 99 84 84 84 99 39 6 6 6 9 9 6 6 6 9 9 6 6 54 99 99 84 84 84 99 129 84 6 6 9 9 6 6 6 3 0 
0 3 6 6 6 9 9 6 6 6 39 99 84 84 84 99 69 6 6 6 9 9 6 6 6 9 9 6 54 114 129 99 84 84 84 99 99 54 6 6 9 9 6 6 6 3 0 
0 3 6 6 6 9 9 6 6 6 9 9 6 6 6 9 9 6 6 6 9 9 6 6 6 9 9 54 114 114 69 9 6 6 6 9 9 6 6 6 9 9 6 6 6 3 0 
0 3 6 6 6 9 9 6 6 6 9 9 6 6 6 9 9 6 6 6 9 9 6 6 6 9 69 114 114 54 9 9 6 6 6 9 9 6 6 6 9 9 6 6 6 3 0 
0 3 6 6 6 9 9 6 6 6 9 9 6 6 6 9 9 6 6 6 9 9 6 6 6 69 129 114 54 6 9 9 6 6 6 9 9 6 6 6 9 9 6 6 6 3 0 
0 3 6 6 6 9 9 6 6 6 9 9 6 6 6 9 9 6 6 6 9 9 6 6 54 129 129 54 6 6 9 9 6 6 6 9 9 6 6 6 9 9 6 6 6 3 0 
0 3 6 6 6 9 9 6 6 6 9 9 6 6 6 9 9 6 6 6 9 9 6 54 114 129 69 6 6 6 9 9 6 6 6 9 9 6 6 6 9 9 6 6 6 3 0 
0 3 6 6 6 9 9 6 6 6 9 9 6 6 6 9 9 6 6 6 9 9 66 54 114 69 9 6 6 6 9 9 6 6 6 9 9 6 6 6 9 9 6 6 6 3 0 
0 0 0 0 0 0 0 0 0 0 0 0 0 0 0 0 0 0 0 0 0 0 0 0 0 0 0 0 0 0 0 0 0 0 0 0 0 0 0 0 0 0 0 0 0 0 0 
